6178 6566 5017 8767 4732 4856 6248 5449 9382 9762 9390 8638 9885 4517 6241 2429 
3328 6057 2360 3411 8350 9728 5193 8258 2201 7183    4 6865  512 7172 6714 1780 
8004 3719 6381 3255 4372 5419 9520 3489 8744 8850 7140 3835 2532 7038 3492 2804 
9828 8048 3438 2706 4160 9054 1560 3157 3344 9747 5574 5453 9011 6099 9548 1252 
6591 5878  940 6755 9708 8991 6965 5755 8483 9918 4162  998 3572 4778 9559 1874 
1675 6655 7090 8354 9488 3530  985 2871 9007 2377 8807 2126 8692  148 4831 6492 
7360 3678 5061 2344 4019 2396 7876 3042 2630 7173 3996 3478 5505 3364   39 7743 
5792 3901 3102 3854  605  247  461 1030 9239 4921 2355  401 6175  601 7882 6473 
1253 1611 6972 1539 4465 5848 8459 1663 7892 8083 1910 3787 1781 7846 5604 6870 
4208 1338 4077 9158 8327 7504  575 3822 9154 8903 6091 6464 5108 1862 3480 4447 
1800 3766 5488 5978 6523 6661 3325 8904 2596 9934 8603 2481 5380 2909 6520 8260 
 827 2610 6190 9916 9044 3463 5872 5658 4185 1308 2085 3405  788 5457 8852 7245 
7280 8794 8150 4133 5040 1817 2351 1343  941 7315 9296 7048 6034  717 4057 6773 
3898 2326 3348 6147 5303 6506 2730 9442 8225 5214  937 6540 9067 6197 5189 1865 
3302 1047 5005 7935 6874 1652 1108 5216 4978 9371 4610 6295 3389 2832 8172  753 
1609 1003 3285  200 8439 2974 2088 3082 5961 5546 8573 3593 5412 1342 8828 7630 
1404 9503 6678 9944 7732  137 9177 1273 7485 8530 2448 9947 7057 6871 4038 1871 
2564 9897 4611 8285 8657 1636  441 6411 5149 5472 8487 8368 3774 5553 3976 4315 
7713 3644 4107 1377  233 9648 5785 5858 5681 4212 9504 7652 1583  314 6659 6259 
4849 1114 6793 2519 7208 2833  141 7938 6559 3923 8905  144 2942 5880 7708 4791 
2698 3783 2434 5077 1282 8655 8159 8900 6488 2178 1923 2960 5079 6521 5946  392 
2646 9679 7206 5440 7249 4754 2339 4666 3552 3543 9936 4233 1756 7611 4181 6220 
3267 4881  266 3974   20 6901 9247 5063 7961 7278 8085 8106 8997 8646 7052 8970 
3826 8663 9351 9431 6436 9898 4251 1590 1543 7154  111 1776 2820 7385  474 6106 
3143 1297 5102 5318 6804 9680 3969 7823 1567 6330 6957 5285 1930  579 9932 3346 
4089  278 8127 1617 2231 7788 9570 8451 5299 1111 9988 6778 1115 6155 3168 5431 
2873 1933 9446 8534 5811 1341 8544 3528 7325 9773 7051  118 9644 8216 8480 8449 
 524 4848 8017   82 5593 9739 4582 8103 2709 2066 8755 6900 5619 1104 1359  544 
7815 1763 5492   86 4861 4054 4440  348 9366 5607 3410 9305 8484 4321 7107 9616 
7339 1680 1515 7925 5997 3949 5504 9770 5147 5084 6291 9806 3264 7332 5706 8568 
 783 2514  347 4830 2169 8385 5989 7103 4206 5347 3737 7869 5354 1770 9129 1391 
3749 5179 3068 5424 3314 4939 1918 7262 7548 2104 3211 4073 3424 7079 3191 7399 
2239 4857 9509  324 5478 6873 8392 3409 4477 2601 3722 9914 7271  942 6402 9043 
 961 2697 5064 7851 3830  581 2816  313 8087 1823 5805 4843 6475 4250 6140 4040 
2523 4841 7646 4627 5203 6805 9715 3141 6976 3906  824 6203 7032 9483  991 3966 
8263  825 3692 9439 6096 3037 9041 9213 2905 4093 3587  218 4214 4981 4722 6764 
7317 3070 4585 5367 4313 2567 9771 5807 8906 9435 8569 5308 8804 2098 2023 3757 
7718 4696 3576 3834 9817 3075 4917 6669 8759  633 3099 4684 5698 7744 3040 2760 
6302 2754 5592 6153 1954 5139  914 1519 2731 6617 3538 6131 3695 2977 1399 6237 
9582 3334  726 9469 2645 9863 9812 6107 9462 1412 7616 4969 5411 3173 6172 5361 
7741 3310 6296 2607 8342 2606 2672 2637 2260 1481 5013 9149  905 5879  421 5791 
8878  271 1290 1388 5770 9402 9410 8332 1980 6762 9602 2280 3869 2531 4403 9117 
6269 6250 3896 7896 4374 6684 8742 8366 2885 8896 4553 5021 3833 5339 5142 4717 
2173 2070 3186 1419 5069 4534 2438 2583 4153  958 2939  802 9839 4391 2764 6392 
9098 6029 4687 5371 9668  739 8650 1927 7493 8632 3725 8720 6756 8372 9755 4277 
5198 3770 9307 7607 5665 3872 6343 3564 3711 2690 8809 1004  356 1748 4062 5057 
9320 7970 8248 2479 7803  109 2862 6674 9607  242 8701 7542 8951 3204 9433 7384 
8994 6053 1426 4574 5286 2019 4068 8115 9804 9673 8052 9397 1693   26 6808 9507 
7356 6930 1647 1484 3396 7643 9722 8246 5680 3527 6089 9348  344 4947 9716 5524 
1471 6314 5657 9477 3084 7932 2588 3263  296 4121  559 5540 2342 5307 2805 8623 
1987 1584 3951 2455 7247  210 5100 8596 9214 4875 2784 2537 7321 2005 5926 4595 
6498 8877  311 1723 9854 9573 7721 6920 7936 9533  871  228 5146  312 9294 5407 
8421 6233 9813 5313 5155 5905 5222 1893 6442 6626 7670 5075 4015 9523 2827 2782 
9938 7375 6704 9979 3473 7114 6268  447 2456 9330  951  698 4762 2295 3776 6009 
8769 7433 4532 4396 1891  785 8521 3105 9802 5810 5110  599  250 6688 8599 2771 
 804 3160 2681 5185 8407 7514 2719 2215 3358 8348 9792 9568   35 4342 7737 2004 
2249 7407  135 1096  256 3790 7106 3947 6390 9706 1128   12 6948  917  202  896 
7900 3958 8247 3432 8486 2628 5776  521 1175 4505 1157 7477 9337 9592 7657 5360 
8419 9886 8660 3242 1745 6585 9569 4371 2166 7870 6779  845 2578 1902 5007 9641 
3967 5731 9599 9350 9867 6959 9738 2549 5337 1766 1682 5384 1225 8291 5842 6864 
3174 9958 3459 3696 4524 7190 8076 8810 9741  199 8373 2627 7244 2864 9116 1550 
8179 8241 9178 5650 5920 4541 2694 3202 1102 4408 2485 4809 4420  578 9291 5692 
4941 1456 6973 8182 7457 1775 2900 3158   32 4292 5275  114 2824 8306 9293 2008 
 568 6768 5128  870 8224 6715 7137 1415 1136 8628 7291 7303 3876 4842 9704 6627 
2045 9008 8554 9780 9356 4180 9347 4543 3256 7632 2640 5445 9392 2670 1303 6481 
9630 8242 8016 9318 4990 6847  203 9002 3032 6075 3273 3697 7974 7525 5144 5887 
5180  487 3567 4283 2678 5935 6781 6234 8365 7272 1123  830 7794 6749 8639 1574 
7261 9487 2390 5908 5575 3233 7734 2196 1913 7150 6169 4336 4042 8980 7924 3889 
1731 4773 8816 4509 3924 2800  339 4955 4523 7256 4673 2275 5242 2647 7978 2031 
1832 9657  240 7763 8558 7679 5643 8433  178 1470 2404 2857 5176 2677 4072 2910 
 893 8883 3342 7972 6315 7312 6111 8924  449 9233 7234 3006 6632 1690 1171 4192 
5675 3742 9883 2507 7789 6784 4650  886 1610 8037 1671 4219 3094 6593 6510 3701 
1385 9781  388 2808 2272 2501 2186 8059 8163 9826 5368 7675 3762 2953 3110 9684 
8060 9323 5608 6796 8934  260  208 6967 4756  952 3026 7535 7897 4226 7631 3606 
 526 4176 1293 5713 4020 9982 7076 5704 7352 7934 7795 3167 3909 1563 7033 2755 
4629 9799 2331 2847 3151 9081 1423 9227 5206 8935 2849 5685 6428 7036 4962 9717 
2469 9108 3610 5269 8687 3144 9304 2291 3383 2615  626 1803 8745 4783 3529 4760 
9877 1236 8572 5480 6823 4550 2300 1411 1340 3011 6285 5771 3044 3147 5501 1948 
1632 1969 2086 2918 3812 1546 8944 8629  290 4816 8146 7015 4429 2483  478  676 
8290 2616 3035 6163 8093 8165 7161 4682  742 2009 2852 3931 1961 3367 3448 3205 
4363  195 9760 1686 5227 4410 7877 6917 9281  366 8870 7945 7143  146 3941   62 
3562 8502 7860 5618 8117 7991 8107 1367 8715 3156 8344 6125 7764 9449 2220 7236 
 159 2559 6720  814  950 3806 3041 9572 9405 4858 1469 9289 4198 8317 6567 2919 
6344 5112 9395 9333 6292 2206 5573 6216 8201  989 9896 7095  325 2845 1806 3375 
1514 7599  645 2635 3020 6290 6044 1651 3220  902 8913 9987 7354 4295 2889  463 
2241 1333 3861 9038 6460 1500 2930 4365 3642 2703 3423 8967 2898 6480 9964 9376 
4418 6137 9009 4063 2659 5548 9711 4307 9301 4337 8641 6832 1010  364 2308 4851 
7969 3036 5174 1556 8537 2861 9702 4105 5549 4273 4487 7258 5376 6119 8756 9908 
7112 1410 7044 4846 6981 3685 5758 6983 5565 7029 1677 8498 5280 8044 4820 7852 
3970 1321 6323 2658 5381 5300 9984 2251 8470  164 7601 1228    0 7329 5106 6892 
 275 7218 3715 6542 8817 4148 7361 9650 2858 7014 5984 9088 7600 3130 8023 4351 
4953 3517 3415 6533 5024 5052 2451 4137 4333 7313   48  316 4661 3611 9971 2421 
2720 6350  829 3789 3353 7711 9299 2082  119 1535 8131 4341 1525  323 9360 4402 
7398 1468 1025  155 6081 8149 9549 9921 7178 2687 4802 1505 4663 8952  365 3213 
2913 2053 6430  525 9865  507 2118 4723 3936 5662 2964 3484 2286  513 3585 6622 
7656 9427 8353  246  482 5379 3219 2693 6491 3818 9528 4036 8469 3515 1814 1578 
9010 7380 3566 6692 4957 3639  999 7080 3113  663 9783 4527 6077 5844 4417 8772 
9196 7610 6341 5461 2216 2026 3623 9703 8523 4586 1638  258 3756 6589 9090 1669 
9608 7007 1064 3631 2379 2707  425 1095 1911 8699 6071 9724 6769  849 9310 8199 
7996 4982 1742 5383  627 7751 3932 5932 7421 4765 6501 4166 5761 5442 7964 6902 
4405 2825 9381 5402 1866 8036 7761 7068  584 9847 8849 3377 3111 2405  743 7771 
1895 6372 3022 6558  194  822 8120 5274 9664 2038 9268 1039 6893 4270 5777 9064 
7865 6120 9326 8303 3698 1949 2895 1135 2912 2389 6031 9906 5641 5428 1099 4985 
9434 5747 8664 7888  220 5579 2449 7540 9480 6287 9696 4609 4435 5120 5560 2380 
2285 3051 7637 3674 7777 9870   84 3569 6083 1434 3115 6814 4507 3413 2954  700 
7205 6560  128 8410 9448 7231 5578 4956 1376 6985 9907 1008 4238 3293 1963 1454 
 972 4199 5452 5164 4926 7940  577 6947 7709 3034  257 5841 2022 8545 5158 5292 
5562 1571 9157  846 7174 2227 4026  652 5137 5588 1144 5489 8078 1310 2538 9866 
2777 8501 5649 4751 7484 7962 9418 2245 3461 2883 7784 5865  996 9052 5012 1637 
5823 6181 6102 9426 4710  170 6829 8403 2003 4378 8571 9300 3561 7371 2112 7728 
2781 9309 7722 3061 9901 7159    8  337 8983 2981 3450 1608 6355  982 6854 6898 
5975 5200 5900 2622 4814 3003 8130 8345 2258 7386 4932 2573 9031 9005  847 4302 
 685 3312 5651 3939 6575 1166 2550 8536 1231 2566 6537 9124 4928 4951  573 9321 
1325 1425  545 9546 3684 4989 6910  442 5773  399 6374 3004 6635 3760 1946 1931 
9020  612 9250  688 2712  103 3007 8426 1154 6517 5167 4485 5630 6326 4825  546 
4474 6156 3321 7175 6010 1432  169 4044 3023 6705  858 7226 7002 8238 9463 4726 
7163 3184 9596 7162 4862 4253 1305 3736 5089 8326 6129 2064 8540 9319 2409 2416 
5612 8550 4539 2688  163 5664 1512 6267 7437 3294 4279 7629  427 9970 6479 4032 
2403 1529 7224 6333 1379 1759 5790 6939 1131 6682 6015 2032 9695 6306 9215 2117 
4101 2619 6707 8818 5175 8658 7841  481 2363 5581 8637 8936 1678   74 4301 9790 
8180 4960 2931 2401 6800 8045 9324 2490 1420 9447 5321 3688 5041 6602  417 9058 
 455 1090 2876 5397 3794 5804 9562 9888 9535 6454 9581 4294 5451 7512 6783 5744 
5183 5710  803 7459 7524 6697 6798 6177 8864  243 9983 5231 8356 8912 6360 3232 
 932 1830 7000  535 6441 2446 8186 1580 6189 8689 4016 6879 4724 8713 7381 4632 
9621 2809 5816 2563 2863 1915 7704 8413 5197   33  686 4824 3739 6550 1076 3811 
1301 1121 9723   68 1401 5351 1009 4812 3274  540 5340 4698 4249 7674  548 2836 
7194 8919 9097  142 3509 5071  971 1561  838 3747 6098 9073 8031 4043 4759 7681 
2786 9818 7584 3633 1288  649 9374  635 6246 5937 9237 8806  818 1283 3645 5078 
1369 4946 3918 8192 8653 3864 4628 6979 5899 1260 4134 9937  206 2411 7465 4432 
4159 5691 9014 8456 5709 8860 6888 3723 4462 9959 2296 1646 6914  232 3706 4078 
3086 7848 7766 1051 2747 7680 7476 6276 2236 3888 1750 4497 9986 1562 1595 5602 
8683   50 5768  892 7971 2911 9842 8813 4943  274 2855 2499 1202 3968 7808  763 
1878  350 1139 9241 8830 3832 2419 5789 7181  583 5474 7531 9095 1331  217 2312 
 511  531  614 2604  704 8737 9736 5389  667 1060 7706  590 1926  587 8868 8274 
6141 3892 5487 4425 2433 9412 6085 4600  320 4084 6631 1473 9555 1725 1034 5971 
5756 9147  379 6115 7295 3863 2278 2213 4617 6279 9339 2252 7309 1869 5653 7903 
6196  926  779 2030 1977  112  916 9286 5751 6325 9207 8405 6429 9082 6138 2157 
 117 5027 4872 7727 8598 9758 1934 1486 6368 9904  904 8916 9690 5396 5624 8094 
4677 5735 9112 9514 9969 1755 8845 5557 5904 6656 6461 1215 8711  334 5378 5596 
7755  485 1555 8610 4580 8477 5126 3090 6037 1771 8314 3759 9136 6723   77 7109 
6407 8362 4894 7783 8586 5495  760   70 5352 6408 2121 9358 7387 9473  699 1673 
3287 5228 1414 1627 9633 2362 8748 9188 5357 3313 4037 7420 1436 9980 9251  285 
6148 8512 5687  620  980 5850 6299 5672 7022 9224 4493 2067 2502 7672 6463 7340 
3555 2313 2158  758 5597 1917 7056 2294 5335 1804 8961 7004 2129 4780 5576  576 
2341 8826 5212 6644 8007 6456 7898 4231 7017  183 8728 9843  603 4900  371 1569 
5867 8427 4494 1186 6935 6837  470 7571 7363 6465 7449 4528 2893 9734 7836 3820 
4642 3067 6202 8998 8341 7252 6866 2770 7918 9930 2732 6535 1081 3640 9525 6966 
2685 2384 7731 8190 1691 6921 9754 1465 5700 1204 9279 3400 6364 4419 3093 9329 
4308 4799 1975 2214 2463 6751 7544 3228 5774 8271 7564  816 1232 3526 1061 5885 
2063 2924 8244 5427 8553 3479 6265 6452  666  625 1602 7700 2048 4028 8168 1553 
 719 6742 4844 5328 2199 6012 6150 8292 1229  527 3573 8056 1641 4822 1383  420 
2408 1979 9109 3422   83 8679 6310 3172 3994 2133 2962 8909  239 7472 1576 6318 
1856 6082 1279 5247 1695 5190  899 7086 6300 3343 9805 8119 5306 2906 3015 4023 
3283 4099 6735 2994 2529 8228 5392 1017 6432 8761 2663 3278 6103 2810 4480 1903 
4836 4387 6568 8156 2107 2435 8110 2266 5025 3098 4389 4594 6788 1446 5883 5600 
6695 8014 8088 1940 1248 3118 1992 1597 6272 7573 2921 9550 3185 7081 9481 7617 
9332 1727 3188 7228 4081 8122 6663  211  757 4905 8707 3592 7382 2441 8560 8297 
2189 6993 9575 1298 6752  161 6151 8873 6610 3948 9552 4428 1955 2261 2089  423 
6862 2794 2535 4346 1249 5925 3920 3717  683 8089 4837 5733 5423 3301 8217 5534 
8207 2679  651 5547 1316 1162  607 3887 5317 4280 9995 9561 7235 8538 8047 9393 
 862 8443 8910 7406 9584 9953 9707 6472 9197 4125 7436 1086 7618 5316  732 1852 
5264 7060 8914  518 7054 7368  305  226 1827 6991 5684 9034 9655 3649 3618 1182 
8097 4350 6135 3797 8588 9153 8937 2767 5642 1654 7215 4091 2511 5254 9910 9603 
2539 1836 6500 1554 7147 3120 1887 8375 4777 1134 2787 7229 2797 3655 2142 4013 
4734 8634 1650 8237 8786 8862 2407  910 8541 8635 6538 2761  280 4454 4106 1537 
1829 2340 8977  124 1130 5988 7220 8206 1952 7101 6529 2482 7528 8108  966 9532 
4215 8960 7663 3903 6994 1890 9260 8834 6739 3710 8175 4659 1431 4491  736 5270 
6123 3212 7450 8463 6995 2075 7922 8854 8954 6217 8516 8096 1757 6412 3452 7037 
9208 6503 8979 5740  978 5590  677 6852 5957  168 1163 7105 9632 2284 3667 7327 
2853 6038 9789 4236 3819 4060 1054 3322  120 2692 6235 3816 4085 7292 9637 7989 
1850  252 4891 1897 7958 5938 3831 1462   55 5493 8574 1164 2802 7738 7013 3751 
9438 4113 1237 8209  327 7685 4304 1389 7928 2414 4150   79 4612 5550 2256 5519 
3902 8729 7184 6039 3373 4570 6378 3497 8552 7419 7085 3539 8741 4987 7005 5722 
 291 1372 7694 3140 1536 3595 9190 5633 6283 6242 6647 1361  938 6367 8988 8698 
9385 2119 8162 9556 7374 3491 7444  383 6258 8230  681 6495 9868 1018 9460 4975 
7920 5894 1518 3786 4616 4639 6943 4740 7698 9712 4906 2750 1049  863 6561 2756 
9748 1406 3370 7020 4554 3913 7221 1716 5969 5736 7776 2565 5416 1447 1245 8390 
7820 7311 4413 6049 3428 6095 5583 2218 6860 8508 5966 9822  297 4262 1880 4010 
2968  592 7274 1882 6035 5239  362 5235 8774 5719 2775 6067 8008 2128 5249 9420 
 772 5558  166 5801 4132  794 9777 5104 6231 3995 9624 3904 1444  946 2283 5959 
5330 9478 7655 5255  993 6386 9952 6410 3856 3280 9026 4670  165 9306 2850 8367 
 911 6969 7069 9259 4606 6534 8784 2093 8416 1699 4415 9692  715 5094 6730 2758 
 493 7541 4299 3085 8866   30 3880 3670 3135 3680 6294 9500 8681 7240 7797 4706 
9892 2412 5809 4025 8422 6908 5530 9193 8511 8379 6097 5211  116 5195 9681 7654 
5830 9344  606 2027  963 1098 5420 6165 2057 1179   72 7276 7359 6951 5258 8141 
7980 9685 7549 1072 5070 9963 4053 5394 8467 7660 8549 7298 4395 7426 1734 4414 
3083 1549 4697 6511 8528 9195 3013 9909 4353 8167 1658 8814 7253 1035 7415 1615 
5652 7314 7110 3326 4461  309 5074 3716 2113 6329 2188 8454 5252 2253 2424 7522 
 292 1323 8762  469 4819 3549 5099 4546 3965 1824 9935 3915 4079 1254 5028 1664 
4272 7319 1291 4268 2234 3444 6946 1849 4076 4039  981 9515 8214 2041 1127  608 
 398 3403 3590 3025 3728 5715 9670 2714 5960 4618 9202 6968 4471 1626 6014  709 
9370 4796 1784 5297 6327 4599 3983 3049 9772 7712 7176 1065 4604 7615 8503 1192 
3397 2757 1422  748 5669 9482 5964 6671 6146 9861 8551 8532  342 1751 7889  959 
2823 5095 5118 5952 5536  372 7012 5784 1694 2010 1334  648 3258  701 8969 4665 
2744 9580 3362 8020 2452  821 2034 4450 7320 9819 1565 6614 5561 5629 4358 1721 
8313 4961 8788 2887 8261 8049  781 4502 6158 5897 2387 4913 2725  811 5430 2993 
5796 4186 6226 5454 1950 2336 5677 3505 5278 5450 8566  367 5637 9148 4499 9194 
5993 4207 3182  949 3216  389 2052 2547 6732 2718 3520 4446 3559 7087 2945 9687 
2829 6062  187 7686 9903 2303 1363  466 5162 4274 2240 3900 9775 3337 6369 1278 
 133 2095 5876 9099 9465 9961 1661 7516  876 4968  856 7198 1289 5614 9126 1547 
4300 8024 8330 6970 2459 7683 2254 8923 7344 5517 7640 8220  935 6375 2597 4747 
2715 9605 9032 7908 8546 6266 8140 6223 6377 8420 8802 1624 1105 5491 1295 3594 
8510  928  598 1582 8086 3079 3542 5863 2372  381   97 7703 3060 9053 9441 6861 
7951 9415 7561 6431 9537 2453 3743 6496 9876 5336 2745 6084 1358 9852 5836 6332 
7242 5485  841 6719 2792 7576 9354 4615 4973 4847 6304 9795 1711  385 3393 8273 
7635 1545 3381 8929 9571 1779 3430  523 8445 8507 3053 4890 2145 6675 3200 8301 
4531 6630 9694  198 2478 7185   21 6677 9997  768 3733 9589 3349 7534 1797 3802 
9922 8222 3121 7624 9127 8955 4104 2124 8953 1314 9386 4838 8195 2179 8279 3727 
 684 5943 8716 6301 5001 8092 8374 6512 1939 1339 8025 3436  913 5033  318 5922 
6238 2901 9206 7821 6346  462  106 1265 5459 1728 3801 6761 1754  477 6213 2346 
4008 5372 2415  602 4690 7587 8673 1876 4393 3879 1942 9302 2967 9757 8295 5529 
1311 4630 3746  346  122 4898 7526 7227 6923  361 6427 3586 9377 3197 2791 8275 
4035 4322 9742 9069 6471 7687 5794 2357 6209 8363  413 7389 5915  564 7324  355 
3261 5136 2746 8171 5124 5288 7967 5525 5181  638 9678 6579 4694 5152 8491 7039 
3047 1053 9524 3014 1670 1067 7009 7955 7762 5737  400 2528 1508  670 9797  251 
3323  660 3315 7434 4061 8721 3299 2077 9065 1472 2860 1313 7042 1062 3303  192 
2884 8174 1898 7856 9110 3401 7008 9586 5901 5284 7546 3001 3785 3671 8046 9327 
5117 5866 5282 2950 8324 3163 2170  854  632 7431 6004 7304 1394 9006 4398 2826 
2183 9697 2759 5172 3925 9450 7859  171 9860 1152  259 2765  162 1366  402 5217 
6767  225 2984 1988 9811 2293 6890 7047 2333 5521 1449 3921 5049 3365 7871 1040 
6280 8196 6636 3579 7976  132 3514 7075 5399 5864 6079 1666 7379 9622 7533 5463 
3641 6509 3551    7 4918 1851 1715  465 2560 7336  722 8722  403 1059 4245 7626 
8592 6578 2276 9683 7246 6611 1347 4200 2840 9816 5741 7078 4204 7316 6528 9287 
8123 8101 3165 7604 3372 7653   17 1079 9314 3392 6244 2391 6557 6416 1782 3279 
 750 4386 6183 3149 1453 3394 5229 1982 2024 8973 2818 4222 3615 5508 5034  322 
5446 6261 7213 4948  411 3988 5764 1842 3689  186 4902  740 4407 7931 2963 2592 
8717 9228 7729 3501 8210  945 9150 1712 6522 3683 7199 4276 9884 9598  878 6606 
 221 8252 9017 1828 5896 6863 2132 7748 2704 6289 3741 9474  303 9990 8234  451 
2515 7614 4394 9419 7405 3458 6088 7478 1908 8805 4716  939 1826  153  541 4080 
9769 6547 5283 2139  219  154 1074 5125 1302 1158 5325 7786 2952 5884 1348 3627 
4645 3927 7801 1337 6792 7749 9372 5500 4193 2120 6886 3045 2017 8760 5577 8251 
5992 6121 3666 3916 1402 5512 4438   18 8075 8648 9352 2322 5044 7926 4254 4291 
8918 4916 5545 9927 6212 9672 8322 4685 9521 3955 6443 4031 9072 1467 9485 6195 
4412 8777 5060 3123 2162 5386 3435 1937 7413 3089 1633 4711 1097 6422 6904 4142 
7156  267 8065 5026  570 9059  723 6544 3503 4382 8311 8042 8157 2868 4021  519 
2395 4798 6255 2137 3977 5635 8335 5240 7394 7396 3963 8612  646 1083 3799 1603 
3253 7746  180 5616 9691 9666 6316 4535 8945  188 2101 5234 6782 9144 2773 4359 
2569 2146 1625 5555 7192 3419 6406 1330 4224 1985 9710 3842  986  629 8473 6126 
1352 5699 1837 2153 9036 7565 3868 9551 2328 7243  572 2319 7403 2385  990 5157 
8948 1463 1189  923 4992 9919  868 8617 2774  975 3127 6198 8268 8494  860 9713 
3048 9001 1526  307 2552 1938  253  489 1440 2410 1735 6030 2973 6144 8884 6028 
 491 4237 6577 2998 1588 2248 6844  480 4436 1497 1557 6359 7547 3954  641 6055 
2516  799 9574 6775 4748 1013 4746 5686 2197 9701 2144 4242 6362 8233 5689 1613 
4899 3331 7873 8012 4187 2614 7911 6270 2422 5968 1618 8067 7104 7481 1395 6186 
 504 9216 2734  499 5591 9835 2990  445 9413 6916 3265 3605 5987 9267 3300 8933 
8495 5192 9628 5093 3929 5148  631 8328 1710 7290 6187 8316 6686 5462 4111 5845 
8158 1524 8609 6826 7326 6937 8396 4707 8899 9838 5970 3196 2546 1364 7011 4157 
2634 3019 7834 6726 3248 3477 8747 7122 7543 9924 4141 8145 5153 3754 3821 6836 
8212 2440 2574 8613 3944  943 2212 8874 8522 9872 4225  979 4074 5821 2772 3259 
1408 9850  201 2874  659 8525 9981 1346  851 9782 3575 3488 4149 6114 8605 7716 
 571 6526 1185 3378 4326 7281 7283  450 8651 8642 4298 2669 1416  840 8109 6056 
4679 9620 5853 2150 1717 1575   11 8249 9400 4320 6243 9626 2306 2946 4047 8026 
6486 9617 4562 8793 7418 5481 8601 4784 1442 4719 8084 1246 5237 8257 1894 7422 
9725 8844 2297 3878 6673 8735 4855 7201 3608  308  386  793 7045 9278 9159 8875 
7489 4424 1118 9115 2656 3100 5263 2815 1344 8307 6642 5083 2436 3193 8710 1634 
3792 5432  331 4049 6998  536 6657 3472  393 3849 9004 5626  967 8719 2176 8189 
8164 9825 4552 3206 6933 7673 2315 8203 1494 6514 9183 8895 4738 6640 2000 9316 
3126  630  713 4652  510 1761 1870 7735 1815 2785 1159 1499 3482 2969 9508  992 
6468 1619 2879 8733 8920 6256 5310 6108 6880 8981 9999 3677 2739 8645 7383 7569 
7957 7768 5983 3815  806 4766 2982 9677  837 3412 5954   13 9242 9579 5103 1270 
 230 8338 6159 3867 4974 8880 8070 8112  720 1805 3222 9035 3654  712 6361 7429 
 634 6298 9135 5109 4090 9223 9079 9378 4648 3352 9027 1016 1566 3735 9890  711 
8922 8968  354  623 4117 2517 3308 6022 7217 2949 2553  443 7586  891 7026 2018 
7705 6338 7510 8239 8684   71 8946 5003 3282 8027 9062 3713 9471 3588 1978 7866 
1943  229 2115 1858 9647 6872 8283 1521 4522  248 2661 5892 3984 6827 4589 2477 
3952 9667 3368  585 6571 9012 7023 6750 5679  497  207 6699 8054 6446 1178 4095 
3345 8625 3361    2 3162  532 7223 6331 1844  933 9845 4255 2675 8185 5720 6413 
8941 1328 5471 9091  922 5011 2713 6623 2639 9312 4936 6110 8474 1635 5812 7306 
4567 1839 6801 6136 4654 8132 1218 7153 1700 9019 4470 2471 1373 9609 2958 4598 
6058 8235 4860 9203 6353 2426 7710  245 3895 9013 1326 7733 2367 9682 4488 8783 
7930 1659 4852  655 6609 5502 4945 2268 7665 3136  687  969 9096  102 9222 6906 
5375 4718 1052  776 5817 9357 1351  205 1622 7345 8886 4693 6309 2878 1129 7726 
8082 5898 7083 9087 8424 3390 5793 6404 3305 6746 7787 2657 8907 7551 9553 8438 
2042 1261 6117 2724 2092 8415 4835 3031 6554 4964 1243 5051 3578 5659 9211 7391 
4052 6855  834 4319 1683 6045 8198 2904 3214 7973 6928 2979 5632 3755 3656 4818 
 464 6251 4785  558 8496 5739 7899 2727 3524 2371 9258 1190  787 8124 7482 2289 
2907 3124 2073 7645 4644 1048 4271  984 3271 5320 9733 8589 5668 1452 7523 8825 
4745 9022 6770 6380 9346 1451 3840 3798 9166 5839 1393 9486 8582 8471 3379 9718 
3881 6047 3276 8256 4127 9467 6245 9240  360 4018  898  782 2461  887 8029 7581 
 284 1169 7144 4810 4442 9894 4434 5615 2209  880 3445 5123 6013 1841 3560 6787 
6033 7286 4305 6758 6173  796 1527 5312 4311 3245 1813 7608 4269 1974 3456 8557 
5541  807 6924 9516 8542  678 7887 1714  249 8917 9659 4768 1459  866 6955 7736 
3359 5742 5980 4390 1984 2736 4248 6162 6403 7937 5939 9453 3414 2626 7492 2383 
9468 8114 4621 2337 8765 2185  694 5617 3199 7498 2264 9490 8758 3851 4168 9940 
4692 9978 6824    1 3487 2997 2556 4587  457 5035 6582 8475 2848 9484 8743 3604 
7196 1082 1196 1503 8376 6887 7435 6042 7211  857  492 6774 7458 2281 3038 7598 
8062  976  553 8381 3979 3556 8564 7816 7209 3195 6041 1107 9114   49 6307 1501 
 831  801  422 1509 6690 5085 3777 5855 8346 8280 5743 2595 9257 8347 9443 7678 
 326  456 7462 1029 3714 4252 7944 5822 1488 7536 2442 9070 2530 4781 7511 9169 
7781  593 7770 7111 7238 4217 7799 6160 1989 1774 3010 2175 1744 2510 8355 8254 
9102 7642 8489 3092 7417 1207 2600 2493 4146 5134 7658 9409 2914 5348 9264 8672 
2006 2314 8219 8500 8514 4643 7160 7275 3360 5628 4730 1324  728 7914 4755 1914 
5086 1605 7269  755 4540 2613 9730 4156 8161 7560 6975 6321 5398 1286 6354  582 
3858 8072 1643  234 8837 6388 7760 5694 8380 2748 4873 8785 5567 8153 6950 2250 
5661 3227 9653 1999 3388 3750 1496 9583 5327 2001 1951 9977 3860  282 2204 5236 
4828 1038 3780 8652 3057 2738 1066 4367  261 5404 5840 8872 2541 5438 2882 7118 
3221 1485 7411 4691 3071 7307 5861 8947 4143 2521 1132 4664  730 1455 1277 2134 
7438 7861 5831 1996 8811 6918 5644 7555 4714 1274 7100 8620 2114 9577 4473 2682 
8614 4109 5862 7170 9840 1816 2641 1594 2894 4753  727 4720 7135  882 5262 3175 
 988 4713 4112 8080  406 2506  859 3516 8013 2581 4498 7496 9325  444 4622 1564 
7041 5257 4560 3704 4508 9785 3603 7446 5981 3998 9084 7483 5623 7609 8691 1522 
6565  800 5295 4048 2869 5813 3029 7772 9040 6161 8718  819 7589 8205  368 1094 
2484 2673 2487 3607 1737 4512 4045 9853 2870 2244 1542 5566 4191 9492 6790 9926 
5133 1722 8690 2163  600 6400  621 9428 7115 6539 4388 3307 4863 4303  488 3693 
4591 7690 3304 3708  391 9848 1116 7330 8726 7456 1457 7756   34 7064 7400 3244 
3441 7414 6858 3959 4050 9954 4385 3580 3469 7248 7108 6080 1443 5622 3235 4930 
3316 1268 5994 7072 3522 2700 8750 8409 3665 5523 1925 9534  983  503 8757 6179 
9502 9766 3513 7613  353 2083 2288 3510  839 8839  506 2016 4437 5322 7641 2620 
3404 4903 5676 9248 7627 3891  359 6587 1801 9737 4660 6896 7453 8040 5210 6072 
1201 8436 6116 9942 7266 1959 2846 1630 6462 1206 4327 7661 6166 1137  404 6494 
4128 8336  617 8730 1387 9539 3180 3800 1919 6949 2427 4769 6263 1002 1861  697 
7502 5031 9827 6828  357 3465 7813 2872 9456 4896 5648 9423 4641 2364 1697 5030 
6277 3240 5962 2161 7695 6240 8841 7578 1743 3997 3679 1936 1143 4094 1244 8515 
 238 5711 8940 6384 5326 1350 6382 8073  665 5115  852 5982 5803 2464 7757 8725 
8543 5522 4749 2147  657  759 4910 8465 6357 5387 9048 5609 7430 1696 7878 7990 
3795 2472 7059 2262 6365 7141 3745 4764 3500 3054 1752 4744 9437 6938 3043 6466 
4288 9642 6961 9094    3 9604 9021 1956 3238 7529 4646 2568  707 4376 2966 5178 
1005 4739 2976  397 3052  340 1568 8000 3537 1877 5625 2643 5405 2762 6320 2324 
9256 6003 8555 6532 4439 4876 4555 9658 8763 2102  642 7225 1320 6444 2776   27 
5963 5129 5343 6139 7942 3616 3625 5053 3784 7257 1312 1089 7659 6008 2305 5401 
1256 7187 4490 4674 6194 1317 8964 5977 4516 4557 5002 1071 7393 4108 7868 6417 
1533 8840 5532 8173  595 5802 4537 6046 9230 1106  907 9640 7148 9282 4135 4381 
8821 1510 9280 6168 9406 3511   24 5870 3417 9051 8144 2317 3791 1077 1991 9531 
7230 4625 6319 1180 2594 5048 8497 5066 9834 1726 4647 8827 3251 1892  675  459 
7606 3748 3817  196 6434 2193 6236  495 9156 6772 1214 2971 8137 4401 7025  107 
8270 2028 9578 1600  269 7985 4167 8732 7487 6986 8194 7648 2576 8890 8693 7949 
4911  321 9270 9585 6907  894 2702 4489 6899 1928 6451 3234 8240 7139 2184 1623 
7402 9743 2420 2014  262 6945 4954 5436 1155 6322 2989 9662   38  370 1912 7530 
  42 8911 7919 1088 2779 3796 3225 4002 1033   65 4800  157 7233 6274 9050 7237 
4737 3338 2099  864  889  957 7884 3386 7621 7200 5942 1210 3772  486 8548   85 
2181 8565   57 1226 8286 8843 8869 7791 3877 6619 6484 3237 7093 2069 1945 8334 
 394  440 6130 1596 4672 4704 3319 2143 2255  184 1822 7933 9425 2642 6839 8509 
5441 5690 4171  619 4914 7508 7467  929 8464 1006 1729 8232 3468 9139 1438 9807 
7335 4967 8533 4919 5207 6001 7416 6345 1777 3718 4590 8079 5345 4566 9104 1014 
4384 7532 3532 7850 6068  428 2071 6821 9882 9024 7983 6897 6646 1448 3636 6580 
9167 9891 8312 5068 8999 1660 1087 2733 4213 6859 9864 7691 2211 7513 8021 9353 
2940 5043  817 2011 3132 4404 5122 6552 4864 2094 5344 7188 4940 6786 1585 5678 
4257 6652 6931  222 9134 8063 9862  890 3017 2386 6685 8696 3257 2671 7440  254 
4520 1962  476 2593   96 3964 5860 2617   29 7832  879  702 5902 1430 8481 3002 
5730 6926 3347 4678 6531 7521 8931 5464 2844 6724 2079 2558 4653 9288 6052 1855 
4332 2975 5953 3269  151 1592 9992 6838 2131 2222 1701 6507 1022 4310 4729 9187 
9793 7628 1896 8688 2937 5467 6670 9761  714 4209 3088 9652 9873 8677 8077 1995 
6658 2335 5497   56 7668  387 8908 5209 8414  580 6601 1409 7987 9170 2903 4774 
2828 6803 9125  658 6070 7831 5554 5076  429 4201 6027 7917 7753 3494 1528 3281 
8490 6736 7146 2054 3012 3883 7412  934  604 8706 1296 5020 6438  591 8708  490 
4970 7563 3055 8851   87 7767 9103   37 1688 1907   52 7662 7623 8587 3016 4316 
1070 7986 6696 2729 2513 4771 5716 2561 7499 7219 6727 1794 2466 3198 4240 5479 
2065 3899 7043 8200  123  563 1599 8135 6313 3646 7367 1445 8148 1046 5145 4958 
2842 5225 2473  977 3217 7364 4475  514  664 7538  628  483 1403 5818 2503  798 
3975 5385 4879  380 7818 9146 5572 1929 1336 9123 9472 2174 8647 1857 9078   90 
5350   54 4792 1384 7460 7404 3778 9414 3187 7570 8787 9080 2625 4807 9714 4486 
5170 6340 8267  765 2141 1864 5023 6395   25 4568 3447 9851 4708 9077 7349 1187 
3705  375  189 7590 1193 1211 3059 2555  735 7168 3376 9145 6230 7479 6851 6347 
4821 1266 4741  586 7825 5373 1768 2180 6297 4500 5786 9461 6101 9844  520 8492 
7545 1704 2160 1812 3355 2200  315 2492 1078 7577 7855 6174 1997 4850 7347 9732 
3943 5825 1037  505 7667 6845  970 7796 3133 3254 8429 2194 5832 6054 5752 1810 
3028 8447 6171 8559 8337 6254 6806 8166 5760  376 1041 6620 1629 1224 5927 2046 
 826 5734 4210 4260 3483 4915   98 1170 7874 7366 1799 8956 2423 5224 5535  231 
9991 1174 4613 7552 7582 4671 5159 6729 1482 4189 7676 3189 3781 1644 8853 5160 
5552 2585 3828 6399 7806 6450 4702 4122 2801 6668 6927 7960 5166 8272 3018 2766 
5097 9209 8517 3476 2122 4468  835 5888 5426 3369 1713 4631 1970 1886 6816 2644 
5090 3437 3810 9476 3119 8984 3950 7251 1981 1960 2948 1173 7157 2722 7096 7591 
9800 5032   61 1398 7810 9430 4775  473 7077 8472 2277 9615 9238 6337 2458 1306 
4521 8043 2728 3852 8567 3464 9057  471 2203 5891 3945 4003 2443 9016  286 8671 
5014 4309 6311 5509 8723 4715 9383 4476 7152 8284 1604 5674  191 2923 9832   14 
5606 8989 6833 4699 4030 9611 5708 9689 9355 9210 3885 8160 8191  373 4999 8208 
 752 7134 5187 1119 3771 1502 9928 3080 6508 5723 6515 5833 4668 7567 6639  431 
5208 3382 4833 3775 5829 4431 7447 8318 6024 3862 5369  369 5098 6215 6853 5931 
2310 2321 9311 1947 2649 7603 1100 1709  509 3914 8709  283 9636 2508 4676 7216 
8966 5799 9756  574 1250 1758 6105 2691 2653 3574 5881 9791 6182 3095  718 3033 
9246 5933 9618 1719 9759 5788 9343  263 3960 9341 8775 2488  832 8881 9085 2327 
2402 7186 5775 3664 2788  329 1329 2202 4357 4369  139 2623 6548  931 6794 8181 
9060 9368 3072 2105  279 3946 5682 2015 2210 3550 3512 5721 5828 9625 9880  395 
3363 9613 1304 9875   59 8010   94 3730  653 8608 2711 3112 3385 7376 1380 6502 
3989 5298 1531 1493 2055 3884 9513 4169 9836 2799 2705 6457  915 8990 4100 9565 
2839 2043 9564 5906 8444 6645 2716 2932 4772 5004 6513 2778 7410 6113 9255 1674 
9619 5333 3457 2985 8255 9731 8264 9950  127 6459 4314 1990 4731 1056 6867 6605 
1736 5746 2651 8859 4608 1653 3961 6170 7819 5705 2944  542  566 9634 1122 8133 
2624 9726 2701 5324  415  264  235 7395 4530 6875 2505 6748 6308 9889 1909 7740 
5806 4064  754 9526 4624 7649 3357 2470 7130 1184 5215 8113 1058 8819 7491 5341 
4075 2151 8686 6025 5403 9364 6469 1520 9544 7883 6595 1983 8022 5067 5329 4804 
9130 2171 7073 2348   91 4457 3768 8670 2074 5656 5473 4297 5119  438 1353 9165 
9540 4959 2579 7006 8739  973 4993 8315 6214 1093 1587 8412 9421  436 6628 7650 
7509 2399 6721 3169 2822 5184 9315 1294 5199 9133 3502 5182   44 8223 6157  160 
4364 9656 7010 1208 3008 8183 3582 7301 6612 7807 5045 5646 9893 2191 2536 3650 
6530 3371 9601 7785  865 4998 2349 4377 8125 4880 4514 1834  747 8700 3176 7212 
8901 5673 1264 3062 3536  500 6188 3763 8602 4544 4977 1242 5268 8595 3724 5409 
1685 4022 3207 6691 3663 1738 6633 4776 7169 5331 4949 2500 9189 1263 7214 5780 
3122 2665 3753 8006 3942 1642 7689 9686 4927 4338 7439 9623 2821 2400 6016 3190 
6021 9179 4965 5882 7669  543 8215 6149 4997 5854 4525 5042 6409 8050 1538 6956 
4458 1437 2080 6759 4703 8685 1125 7127   40 6426  377 1708 9946 4017 8959 4011 
7132 9787 3460  236 2125    9 4123 3922 3324 4188 4823 2192 7486 3275 5092 2263 
5494 4620 6634 9996 7001 3155  909 2789 9479 5824 1698 5173 2480 1593 8749 5223 
8142 2108 1972 9328 4318 6843 6275 5081 7845 9298 9295 4593 1209 4239 4411 5294 
8281 6666 6397 7838 3825 9829 3687 2182 1490 1720 1044 4655 1276 6944 6753 2432 
7125 3807 7664 9440 1540 2156 8388 5640 8585   92 7425 7452 3064 2741 5238 4827 
6598 2247 6825 6545 4088 7699 8289  610 6869 1558 9543  884  741 6317 4220 5417 
1292 3462 2995 1793 2489 7305  562   81 4782 7353  833 8624 1335 6992 6745  795 
1177 1504 6942 1068  552  358 5101   60  774 7470  995 2742 8842 4767 3499 5177 
1707 9466 8621 7333 6262 4349  126 3934  405   80 4329 6570  419 9778 2897 5245 
3116 9814 4124 9803 9699 7171 4152 8531 9342 7497 2116 2589 7270 3628 2859 7954 
3150 1676 8394 7284 9404 5243 5465 1475 4264 4496  643 2246  336 7401 2934 3421 
4324 3673 1863 6366 4805 7572 3613  390 4815 6757 2332 1888 6094 6303 8111 6665 
2636 5171 9645 3620 6680 9962 6771 9367 1251 3658 3721 9023 3982 3077 2790  668 
9349 8575 6305 5000 5703 4227 4504 7443  335 3894 1819 2039 4651 6474  299 3081 
4086 6286 9244 8607 7490 1791  820 3506 5903 5955 5265 8746  875 8897 4275 8898 
7950 2302 5314 6447 1853 8064 5202 3183 5717 2072 9226 1480 5531 6043  294 4605 
9967 2710 7126 6919 1846 6592  749 9933 3553 8320 2557 9172 8949 6818 9432 4859 
7133 1220 5421 1511 6405 5475 5251 8176 3890 7605 6048 2749 4602  611 6564 4935 
 682 2228 6482 3107 7097 8547 9542 9750 9638 6572 7341 1299 1932 6252 4929  744 
2369 3836 6603 5196 6822 1160 5528  888 9671 6809 8616 4934 1450  498 9234 6036 
 317 9874  528 8095 4472 3224 1993  508 6679 9336 1921 2684 5468 9627 2428 8695 
2575 3230 3148 5456 5753 3247 6815 4808 5513 4603  140 8857  791 4087 9118 2972 
1141 8520 5814 3351 3652 2980 1986 9083 1570  555 4548 6834 5390 2577 4012 1223 
2735 3676 1140 9784 9496 4055 9186 3166 6625 6716 3108 3356 9745 7981 2232 9074 
7901 4247 1904 6738 6249 8003 2908 2723 8278 4511 5636 6766 8002 5358 4938 4102 
1672 5506 7805 8033 1259 7872 2301 8942 7867 8768  181 7250 9846 5165  654 9600 
3426 5391 9285 3729 6122 5287 4154 3999 3769 5800 1374  300 6962 6379 3993 7633 
9160 2544 3541  762 8838 4139 9530 8861  414 1378 7666 4658 4339 5143 4885 3591 
1227 3137 8712 9974 9322 6913 6960 2650 9417 5484 4082 5359 4138 1165 7442 7984 
7285 9972 6621 5116 2205 9245 5279 2460 7758 4984 9899 2437 9359 6145 2938 1788 
6693 5991 7798 8782 9786 8253 7886 2896 3545 3700 5671 7588 5634 3192 4421 7094 
5712 4228 6615 3734 2078 1161 6638 6813 1621 3653 5934 7843 9235 8266 6356 7202 
9042 7392 3661 8432 2941 6629 7088 5305 8100 4352 8950 9576 2580  662 5050  927 
4801 8836 1517 4588 8051 4839 9809 5654 2468 6754 3583 7062 5377  281 1032 1390 
9436 4289 5276 9132 6922  842 9849 3074 9719 8789 6376 9519 1212  680  786 6641 
6476 7596 6284 2526 8121 2956 8894 6205 3249 2926 4700 8305 8815 4281 5323 4763 
8143 9957 2987 5569 5745 3847 4882 4976 6667 3930 4579 4912 1730 3009 3065 6747 
1117 4887 9106 5728  484 4483 6734 7562 8462 8387 7701 5395 9394 4996 2652  881 
 554 5594 3873 2497 3288 4092 8169 4399 6608 6616 1142 3317 1126 3570 1275 9905 
 848  656 5062 3985 1867 2807 7790 1668  725 1433 9631 7193 6271 1530  738 7506 
7117 6618 9107 8579 5363 1063  588 8389 1702 9693 9261 9152 1478 3986  158 5469 
4243 9137 7063 5418 3558 1405 3311 7517 1601 5544 7050 8611 3446 2978 3761 8466 
3485 9945 4584  775 1036 5018  529 7891 8593 4347 3427 9915 4433  131  925 2025 
8038 7692 3857 6543 6389  960 7092 4750 2796  374 6584 6555 2648 2059 3738 6086 
2838 2149 2347 9796 7503 6281 9902 3933   95 1662 2916 7388 7495 7881 3971 3622 
8329 9752 8493 8460  408 5748 1749 7993 4854   51 3632 4070 2292 2148 5311 4575 
8781 2044  565  746 4196 8563 3635 8393 8226 4895 3773 3805 7021 6282 5293 7397 
 594 5388 2695 9283 4205 2996 8974 8425 8925 7463 9830 6419 7350 5631 3030 6963 
7279 2397   43 7505 9185 6849 4046 4752 4761 6551 8798 4688 5564 6553 8032 5156 
 731 4971 4478 8618 3399 5539  304 9917 3239 6078 2406 9720 7639 2136  149 4325 
4197 9788 9949 3039 4806 3101 6600 9541 9590 2135 3804 6273 8627 5342 5016  855 
4795 6989 4330 4258 5556 6221 6791 2271 6490 3535 1579 1541 5856 7992  287 1124 
8855  460 8764 7715 8068 1396 5435 6418 7121 4865 3956 3402 5834 1838 1591 1181 
2431 5815 9810  624 7557  539 1031 5911  850  333 3226  994 3407 2708  797 8340 
5455 4518 4263 2920  808 9284 3236 9858 2843 3563 3330 3829 5096 1598 5277 5082 
2683 5260  115 3647 7747 2311 9199 4813  156 9164 6134 9275 7204 7348  767 5951 
1198 4223 4312 9567 5688 7268 6448 9459 6391  696 3243   16 8992 9824 9201 1706 
2224 2418  900 1151 7554 4354 9674 7287 3333 8391 1492 1247 5979 4920 5571  885 
6124 9841 1831 2936 2172 3614 8138   99 9340 4733 5621 7651 1808 9779 1577  695 
8665 3145 9220 3490 7338 1875 8435 7520 5666 1941 2465 1684  549 9470 7559  454 
4449 9398 2959  705 8417 2365 7929 9635 7707 6971 4218 4244  145 1773 2430 1287 
5783 4004   75 5909 6912 3109 8349 4506 4829 2330 6841 4241 6999 4027 4869 8276 
2374 7129 6795 4556 6229 3634 3416 5346 6877 7894   66 1848 1069 3290 2154 9912 
3726 4335 3418 2076 2084 8116 1994 8678 5919 1656 1267 4114 5838 2198   88 8300 
2457 8351 2007 3793 4362 7907 2299 9498 4623 5121  869  177 1572 4229 3845 2986 
7912 8296 4725 6911 7232 6604 9612 9111 6952 8193 2091 8001 8400 9028 4925   63 
8018 8965 2891 5194 6100 4870 4456 4444 8581 7895 6112  640 5921 7999  936  434 
2753 3486  212 3449 1872 9399 1050 1498 2631  330 8398 9588 8833  534 7343 8600 
6562  265 7082 3875 5589 4453 3672 9727 4481 4328 6676 5271 5695 5996 1439 2058 
2999 6371 8360 3354 8055 8879 3076 2518 2837 9943  214 5434   46 6802 3142 6776 
1922 4182 9262 5039  138  560 2279 5422 3962 7084 2290 5221 6497  883  920 7480 
2447 8791 5374 8139 6060 5990 1616 9411 5582 3096 7003 9948 9308 5191 6385  288 
9688 6423 9100 3548 8136 4573  125 6848  773 8304 3808 2207  227 2621 4267 1732 
1148 4409 4098 9192 6118 6227 2282 6713 1792 9911 5820 7915   36 4901 9610 9391 
3179 4024 3103 6104 5738  517 7809 3767 4705 7191 1024 1667 7730 2462 6415 7906 
3694 5301 3893 9122 8331 3470 5851 9105 2195 5169 9554 3534 7138  997 8865 4633 
3681 1110 3547  706 2376 5272 9491 3453 9274 8626 5837 3229 8848 3475 9303   22 
1285 9649 7566 2922 3266 9086 3270 5113 5605 7518 3827 9171 9499  182 9923 2123 
1487  756 4565 7684 7880 9444 9272 3139 9128 8298  962  745  185 2273 1811 9823 
7164  272 8562 2752 8188 4202   58 4942 8644 7902 9454 2666 9547 6909 5281 2562 
2970 8987 1681 9401 4282 9705 5520 4571 2877 5889 7346  496 8799 9985 8876 5929 
7322 4097  734 3171 7765 8358 3320 9512 2265 8457 1703 5944 1138 9379 7811 1883 
3252 7289 6335 5763 6672 3870 5797  289 6709 3350 3306 3291 2061  204 7941 5849 
2572 1028 8091 3050  439 2542 5127 7195  341  557  650 1085 2378  672 3146  948 
4538 6573 6977  597 7844 8442  556 5580 6831 4059 4448 7792 7507  136 4667 6708 
2450  435 8962 2219 9566 3855 8428 3624 1516 1269 8597 7294 1820 8630 4675 2359 
3177 9384 9249 2674 5917 4735 3159 5518 9033  216 3495 5945 8352 1739 3161 9871 
9445 9455 3546 6349  172 5895 4165 5168 9089 6878 7625 6607 3686 9763 6681 1429 
7965 3106  874 8796 4576 9361  751 4293 8822 6689 6760  416 9120  790 3129 4286 
5261 8856 7099 4922  737 4626 4323 3091 1655  901 9808 9217 2318 1767 4695 4058 
5660 1589 8402 8057   64 4868 4980 8178 3621 7739  458 5466 3991 8288 6728 4779 
9407 6005 8631 1195 6458 5972 8993 2806 7752 7988 4614 9269 3296 3926 3021 8401 
5154  426 5827 4995 8440 6698 4728 9066 5141 3601 5586 3643 1271  384 9735 1460 
4379 8674 4120 5638 1544 7619 7151 5135  143 5047 1953 9639 8299 7995 8128 3131 
9660 9593  213 8556 3814 3507 7239 6703 6225 5477 8155 4994 2103 1807 6074 1795 
1513 2190 6193 1241 8824 3439 8694 5046 2689 7864 9263 1397 5503 2381 5107 6059 
4464 3630 4883 4966 7409 8832  130 9558 2152 7390 7296 6328 9510 5819 4689 3919 
 622 4944 4510 3764  596 4826 9505 7994 7583 1786 5414 9138 5603 5639 2106 9229 
3846 2323 1382 2605 3824 4788 4056 7357 8519 7427 4451 2491 2476 3886 7827 9452 
1783  924 7968 5759 7835 7451 5750 6741 2602 1001 6743 4065 4383  771 8975 2226 
8333 8887 9018 6455 1631 9837 8727 7180 9879 4179 9529 9236 3223 5511 7408 5772 
 809 1573 6093 9403 9913 7953 3823 5458 1687  853 4536 5778 9373 6090 2097 8891 
3911 7293 3154 5470 2548 2467 7370 5613 5370 3318 8041 8218 7166 5757 1309 9212 
4770 4259 8577 1194 5302 7982 4933 5537  407 9464 7423 4155 9931 6654 3384 7351 
 522 9092 7723 5907 4569 9920 7802 6932 8963  237 8943 1197 1586 7355 9994 2817 
8074 6063 9522 4034 1168 4129 4147  409 5429 5204 6941 1023 5273 2608 5611 2988 
2603 5782 6505 2543 3809 5670 3117 2943 1821 4261 9389  479 4175 5868 1474 9046 
6050 4727 2439 8770 1315 4368 5499 6683 7905 6064 1657 1355 3907 5869 9218 2475 
6073   31 4014 5114 8310 7837 9061  129 1559 9273 6425 4469 3523 2393  352 9317 
4908 7241 8594 1847 8835 4515 1120 9163 7468  382 1362 4340 5515 9475 6527  921 
3612 8619 8408  538 8667 2726 9254 9538  567 5151 9180  277 9993 2304 4988  276 
5587 2587 4164 7123 2917 1765 3327 1043 6453 3865 5510 4519  964  332 6964 9313 
4787  615 8430 1772 8204 9956 6401 1221 2056 6903 3626 6132 1188 2352 3498 5941 
8669 6958 5486 6789 3874 6840 4797 5088 3844 7254 9869 2586 8488 5443 8957 5655 
8792  432 4558 2902 1145 6763 4069 4161 4952 5188  293 8066 4066 2814 9181 7759 
 780 6324 1733  710 9746 9764 2165 9709 5304 5620 9744 7946 2354 8293 8437 9101 
2525 7647  298 2096 1628 2474 6830 9925 3474 8978 2274 8751 5877 3584 7948 9646 
4597 7745 4972 7847 2899 2320 7839 7830 2394 8578 3218 2854 8011 5514 3442 1075 
4503 2454 6934 9362 6819 7473 6868 9887 6594 7725 3935 7131 7966  550  637 9815 
 179 5130 9665 5059  671 2035 8649  674 6293 6525 3250 4601 7070  437 1778 5749 
5767 8399 1233  691 2831 6997  430 1818 9831 3637 8704 4445 5365 8485 8754 8985 
3813 8229 2445 4459 5444 9591 5702 2494 6224 5890 7927 4979 8455 2928 2991 7977 
1906 7331 3073  502 2208 4991 7474 8319 3937 2049 1112 9290 5413 8262 6725 5201 
4344  733 1318 6648 7595  424 2233 5186 7857 3992  446 3782 4680  338  475 9334 
 453 7537 4793 5857 5724 4889 2155 6597 4649  295 5647 5382 2629 2375 1240 2164 
4635 3589 3521 5973 6184 3178 4005 7136 3682 3241 5645 3395 6278 5309 3309 7288 
3957 7464 3058 9055  903 8823 9174 6876 4355 7142  944 8584 1200 1239 7923 2392 
2036 7034 5847 7455 8461 4380 7454 4656 6777 3292 3431 6351 9271 8740  647 2584 
9119 2598 2353 4963 3087 9219 6936 5974 6017 6207 7358 9205 7428 1216 8738 7822 
2382 2522 6061 9063 2841 6076 7778 3980 1407 4840 7328 9131 6394 9975 2527 4637 
5765 9517 1205 6421 2819 8211 1441 7113 4266 6006 7061 6797 9335 7634 8277 1868 
5476 3387 2992 8676 7053 1371 1884 6883 7558 3005 9960 8656 4416 8526 4931 2325 
 363  173 7833 2356 8359 1167 2110 8795 3504 6599 6546 9669 7067 4184 8479 2743 
6894 1172 4246 2425 6881 5930 6128 8780 7149 3181 4513 6092 1156  121 5226 4000 
9049 1764 8915 3518 5779 2062 4194 4871 5732 5766 5826 5010 7058 7265 9497 9175 
2890 9518 2111 3699 8863 2696 1219 8590 6433 7782 8797 1740 9506 2235  877 2540 
2654 8458 8227 1746 8236 3297 8323 6807 7828 6988  609 4923 6040 1327 7466 2655 
1020 7471  987 5080 2504 6440 4115 5874 7128 5319 8250 4211 3298 5610 3629 1885 
8675 8282 5400 9698 8151 1217 3609 4596 1019 3912 6449 5914 1203 5006 7594 2217 
8893 1967 6780   10 3429 5781 7024 9252  515 1873 1551  301 6264 6583 8776 7853 
9292 9855  919 5795 3454 8752 1620 9142  823 3000 9068 1532 8971 4897 6857 1679 
1899 1464 9651 3531 5559 8654 2812 1798 8604 8397 6164 7724 2243 6222 1417 2368 
2242 6051 9363 5787 5460 5073 2388 2496 4501 9721 7717 4331 3138 4178 9881  547 
7952 8972 8099 2168 1881 8090 1354 8369 8580 3063 9457 8378  974 8803 9597 6199 
7031 7585 4757 9071 9594 8995 4373 7091 4845 6487 8640 4158 3709 1461 9501 5448 
3425 2798  589 8867 4334 4443 8529 3208 4559 3246   47  530 6210 5058 2793  777 
1787 7119 4592 7475 7124 2591 5291 4145 7568 4173 8147 9243 4794 8039 4163 5948 
 468 2929 7264 3066 2081    6 4786 5244 1479 1489 4067 9408 2237 1581 9629 3467 
2680 5038 5232 7189 5725 2417 9495 5036 9774  947 6974 3669 1860 2618 1753 7943 
7556 1000 6185 8829 3114 8009 7893 6211 7263 3838  351 2599 8570 9955 7921 1222 
5947 9989  113 7255 4116 9387 5985 6889 6664 3599 7574 4607 7182  872 6420 6499 
7636 3203 8939 3871 3284 2051  692  319 6192 8245 4177 2498 3843 5356 1418 8927 
1255 8858 1802 7780 4983 9587 1213 8339 7030 5627 5022 4118 3125 8081 4636 6990 
5893 8441 1392 2177 8478  703 5965 2813 6387 8071 9527 4893  616 9113 9093 6856 
7644 6518 8524  452 2127 6066 7500 1762 1272 9039 7550 7939 5707 1965 5918 5220 
 224 3134 6336 7519 4151 3837  716 1640 1964  778 6253 3289 6978 5138  873 1012 
4119 5355 9489 7580 1238 8357 1859 7779 6765 1790 3651 8666 1424 7066 6563 6835 
4619 1645 7267 9365 1345 7863 2612 3408 6393 2668 7372 8476 3544 2138 5762 4986 
3657 4888 5315 1101 7167 7334 8705 1607 1427 2029 3668 1284 4743 6339  812 4278 
3128 6133 9176 2512 1080 5019  215 9595 8535 7824 5998 2769  209 6660  906 8682 
9493 7302 8996  273 7862 4110 7098 7622 8404 3662 6489  769 7197 3466 3540 1199 
3850 5029 7769 5543  410 2660 6987 4572 5267 9753 7323 3152 5808 9661 9676 8154 
9265 1958  953 2880 8661 7539 2050 8321 9056 3433   69 1998 6718 3481 6208 7714 
8731 2060 6954 7074 6905 6493 5928 2763 6424 6260 2582  241 3571 1322 4467 3690 
4950 2721 8377 8177 3803 4484 9494 6737 1843 5091 8636 9878 1109 6524 7445 7282 
5425 4136 4466 1769 4683 9168 4140  965 9941 5132 2345 5599 6733 5334 2229 4131 
 792 3231  193 1966 8889 6637 9965 1639 7337 5701 8882 6152 3496 2662 6706 3905 
1073 9700  101 3286  134 3648 4033 5999 8395  244 8184 6239 5584 9161 1973  176 
2611 5111 4892 8771 6483 3568 4495 7019 3788  770 1146 1705 3443 8831 8482 9277 
 378 9729 9856 1147 3744 1845 1889 3078 6219 6651 9276 8098 7165  918 7750 6643 
2983 2413 3380 7913 4742 8753 2366  175 5875 1491 9200 6613  895 3978 2768 1916 
6478 3732 8846 5976 4834 9003  190 2037 5663 5161 4736 9768 3339 4360 1191 7829 
4460 4867 6536 3046 6352 5439 7858 4545 3557  956 6850 2533 8734 8930 6596 6435 
9939 9968 8213 7890 8506  639 4790 8361 5362 7259 1809 8583 9751 3938 4400 7488 
6373 1084 4577 6586 8452 7377 7597 5568 7677 8885 8383  805 8418 1692 8659 5956 
3374 2751 5008 2520 7494 8259 8724 5913 8643 9047 2835 6785 6398 4542 1968 7448 
3866 1015  472 1357 1724 1300  673 3675 9253 5410  100 9451  708 9900 7754 2867 
1523 2888 4126 6712   78 2686 9776 1262 5683 7638 3201 4877 7947 7222 7318 5213 
5526 2961  433 1957 5433 7693 1281 5873 9536 3341 8187 5248  268  766 7210 7849 
8932 9966 8309 8668 4306 9821 6485 3210 2933 6940 6711 5835 8606 2811 4170 4083 
4284 6842 9545 7997 1435 8019 2957 3398 5056 9424  412 2109 7916 8778 4174 4712 
8561 1825 4422 4563 8406 8126 4479  551 5754 1477 1332 7814 6662 3455 9614 6019 
4581 7575 6722  448 5958 8633 6204 3638 8053 8384 1718 6002 4924 4452 5696 4662 
9895 6127 8105 7277  618 5527 5233 3617 8221 9375 7120 2307 4183 2444 2783 3910 
3731 7432 8118 8448 8364 4370  968 4397 7027 3056 6007 9151 6020 9221 2740 5563 
4195 6167 4526 6445 2223 5131   23 4638 3097 3104 7959 1234 3391 1760 4874 4817 
6032 4578 7378 1506 8269 3597 5163 8152 2373 7579 6109  174 3973 8888 3451 7177 
9121 4561 3153 6470 6257 2068 5483 6588  843 6996 6504 7879 3340 7593 9204 3882 
1307 3897 6477 2875 7671 4006 8622 8030 3406 7842 2221 4203 1360 6370 8847 4130 
6206 8102 9345 9140 7260 9801 9820 2358 7035 7909 8921 8170 2780 9000 1011 3262 
4366   15 9162 3619 6810 8527 1689 4051 5516 7682  613 3525 1548 6884 4529 7207 
2012 8243 6885 3260 1606 5072  561 3554 3720 1747 8518  836 5852 7469  197 6650 
7697 1944 6953 8702 9266 8061 2495 7592 2033 7049 2590 3839 1466 4640  954  761 
5916 3295 1007 2187 9232 5542 5205 4832 1741 1840 9458 5349 8736 4096 8134 2866 
1552 3027 4221 1971 6191 8539 3602 2329 5289 8662 4492  152 4455 3434 5406 9511 
5595  167 3215 9388 8697 5338 8591 1183 1103 6984 6232 3953 3659  494 8505 4287 
4657 5241 9037 1900 9663 6142 7040   19 6740 3859 2047 8302 3420 9749 4230 7742 
3069 5253 8069 1370  147   28 4216 2851 9857 9331  467 7612 6011 6744 9765 2316 
 105 5986 7365 7016  306 8499 6519 6882 2545 1042 8035 3366 8773 9030 2398 2638 
9198 4463 2955 3972 4009 1649 9740 6334  270 5250 7904 7369 1092 6653 5065 8015 
4071 4583  345 3596 8231 3928  501 8431 9380 4103 8703 4356 9076 4533 8801 6358 
2664 2230 6556 2927 4406 8680 6363  908 6218 8371 4681 4296  955  661 2350 6180 
7719 2287   93 5055 7299 4172 6929  810 3917 4041  789  104 5218 6649 6895 5950 
2524   73 4423 6541 2609 1091 2309 4904 9798 8615  897 2830 7203 6312 7308 2795 
6069 4232 3329 2269 2259 8808 4426 9225  930  644 5105 5140 5967 3493  636 2633 
7501 7773 8820 2130 9976 5714 2509 6694 6467 9643 6846 3853 2159 2865 9416 3519 
7975 7065 2717 4265 1257 3268 5219 3508 9369 2040 6717 5259 5087  396 5490 4361 
5496 1665 3758 5693 7300 6342 7071 7804  815 6710 7158 3981 2676 5871 3940 5037 
1045 9025 2632 1614 4190 8766 5912 1935 5727 2737 9951 1055 2087 8902 2370 8504 
1027 6569 1368 7885 7720 1835 4866 3707 6023 7956 3990 4547  343 2935 1924 4290 
5054  861 8308 1920 6820 3471 3335 9396  110 5437 4789 4345 4144 8423 4482 4803 
9973 5769 9015 8294 7875 4235 7775  223 2699 5230 7979 5923 6980 9767 5393 8034 
 729 4634 6228 8434 1458 5332 1258 5601 8468 7273 5726 8197 8938 9338 5846 6731 
6154 7817  669  150 2338 4878 4348 1026 8446 2334 9155 3660 1113 7688 5009  867 
1149 8104 7046 1428 9929   76   41 7055   67 3752 1375 8892 2965 3765 3533 9029 
2554 8450 3987 1176 1365 6000 6702 5859   45 4317 7800    5 2886  310 2803 9859 
7179 3702 3164 3440 8982 4285 7424 2167 2013 5266 5697 9143 7826 4441 6811 6891 
5364  813 9833  693  516 2343 5447 7155 9231 8779 7527 5366 6590 4564 3577  828 
1905 7854 2021 1785 7696 2881 4886 1421 5353 4001 2020 3194 1976 4709 1021 9045 
1507 3170 7297  764 1057 2667 6414 5667 5718 1230 7461 8287 2571 2225 4686 7793 
3691 9560 3565 5585 5246 6687  784 5798  689 9141 5843 7145 3272 7620 4430 8800 
6701 6516 8028 4884 6624 4549 6817 5551 4256 9422 2951 5995 2002 3908 8325 7362 
2090 3703 6288 5940 5150 8382 8265 2915 2238 4029 5886 1648 8343 3848 7553 9654 
5482 5598 2925 9563 7441 3277 5256 5290 4392 3600 6200  724 8871  108 6143 4758 
5408 4853 5924 1413 4701 9297 1495  912 1879  328 4937 7310 4669 7028 6176 8129 
1349  302 7373  255 5949 6087   89 5415 6574 9182 6581 5538 1789 3779 1381 4234 
  53  533 7774 6396 8005 6247  690 2551 2361 8714 5296 2892 6437 6383 4343 8812 
2856 5936 3209 9557 5570 5533 8202 6026 8790 2534 7089 7998 2298 8576 8386 5729 
 721 6982 6201 6812 6799 7342 1833 1901  349 6549 5910 7840 2486 6018 9675  569 
7963 8986 8411 8928 1476 6925 9998 7702 3024  418 3336 2570 3598 1400 9173  844 
4375 8058 6576 9794 7018 8976 5015 6915 1235 3841 7910 7116 6065 9429 3332 1796 
9606 2140 1612 2947 1386 1133 1534 9075 8926 8370 8513 4007  679 3740 1483 3581 
 537 2270 7602 8453 6439 1319 4427 4907 1150 2257 2100 9191 4811 4551 5507 9184 
2834 1356 7102 4721 5498 8958 1153 6700 1280 7812 1854 6348 2267 4909 7515 3712 
